0 0.2667824074074074 0.44574652777777773 0.11226851851851852 0.12065972222222221
0 0.31134259259259256 0.5303819444444444 0.08333333333333333 0.11979166666666666
0 0.2702546296296296 0.07552083333333333 0.20949074074074073 0.15104166666666666
0 0.3828125 0.9383680555555555 0.10474537037037036 0.10069444444444443
0 0.4487847222222222 0.3333333333333333 0.16608796296296297 0.21180555555555555
0 0.20023148148148148 0.7395833333333333 0.21875 0.2847222222222222
0 0.31684027777777773 0.23697916666666666 0.1417824074074074 0.19444444444444442
0 0.7181712962962963 0.7057291666666666 0.08449074074074074 0.08506944444444443
0 0.7149884259259259 0.14583333333333331 0.07465277777777778 0.0954861111111111
0 0.6614583333333333 0.7821180555555555 0.07060185185185185 0.06944444444444445
0 0.8174189814814814 0.7296006944444444 0.10358796296296295 0.12413194444444443
0 0.4878472222222222 0.9609375 0.15162037037037035 0.078125
0 0.0859375 0.04991319444444444 0.13020833333333331 0.09982638888888888
0 0.23553240740740738 0.16536458333333331 0.19328703703703703 0.2925347222222222
0 0.7468171296296295 0.5217013888888888 0.1579861111111111 0.19965277777777776
0 0.9123263888888888 0.4782986111111111 0.07349537037037036 0.07291666666666666
0 0.9325810185185185 0.560329861111111 0.13483796296296297 0.15538194444444445
0 0.11168981481481481 0.2743055555555555 0.14351851851851852 0.13020833333333331
0 0.4991319444444444 0.1462673611111111 0.06076388888888889 0.08246527777777778